1
2
4 2 5
-1
27
1
l won by 10 runs
l
27 1 1 0
11
l
3 1 0 0 0
0 0 0 0
m
0 0 0 0 0
0 0 0 0
n
0 0 0 0 0
0 0 0 0
o
0 0 0 0 0
0 0 0 0
p
0 0 0 0 0
0 0 0 0
q
0 0 0 0 0
0 0 0 0
r
12 2 0 2 1
1 0 17 1
s
12 2 0 2 0
0 0 0 0
t
0 0 0 0 0
0 0 0 0
u
0 0 0 0 0
0 0 0 0
v
0 0 0 0 0
0 0 0 0
a
17 1 1 0
11
a
0 0 0 0 0
0 0 0 0
b
0 0 0 0 1
0 0 0 0
c
8 2 0 0 0
0 0 0 0
d
0 0 0 0 0
0 0 0 0
e
9 3 0 0 0
0 0 0 0
f
0 0 0 0 0
0 0 0 0
g
0 0 0 0 0
0 0 0 0
h
0 0 0 0 0
0 0 0 0
i
0 0 0 0 0
0 0 0 0
j
0 0 0 0 0
0 0 0 0
k
0 0 0 0 0
0 0 0 0
